   1.0251256e+00
   1.0251256e+00
   1.0252761e+00
   1.0256193e+00
   1.0259613e+00
   1.0264071e+00
   1.0270812e+00
   1.0277472e+00
   1.0284637e+00
   1.0293330e+00
   1.0301888e+00
   1.0310515e+00
   1.0321620e+00
   1.0332492e+00
   1.0342757e+00
   1.0353990e+00
   1.0365166e+00
   1.0376106e+00
   1.0387941e+00
   1.0398728e+00
   1.0409322e+00
   1.0420694e+00
   1.0430765e+00
   1.0440680e+00
   1.0450710e+00
   1.0459961e+00
   1.0469079e+00
   1.0396959e+00
   1.0371321e+00
   1.0351563e+00
   1.0335347e+00
   1.0321574e+00
   1.0310133e+00
   1.0301107e+00
   1.0292741e+00
   1.0285973e+00
   1.0280739e+00
   1.0275392e+00
   1.0272639e+00
   1.0268045e+00
   1.0265301e+00
   1.0264349e+00
   1.0260798e+00
   1.0259376e+00
   1.0260116e+00
   1.0256836e+00
   1.0255927e+00
   1.0256177e+00
   1.0256359e+00
   1.0254443e+00
   1.0253791e+00
   1.0253763e+00
   1.0254992e+00
   1.0254055e+00
   1.0252812e+00
   1.0252818e+00
   1.0255036e+00
   1.0252835e+00
   1.0252255e+00
   1.0254326e+00
   1.0252565e+00
   1.0252164e+00
   1.0254334e+00
   1.0251982e+00
   1.0253226e+00
   1.0252292e+00
   1.0252428e+00
   1.0252883e+00
   1.0252047e+00
   1.0252855e+00
   1.0252037e+00
   1.0252527e+00
   1.0252396e+00
   1.0251978e+00
   1.0253312e+00
   1.0251547e+00
   1.0253420e+00
   1.0251998e+00
   1.0251657e+00
   1.0254152e+00
   1.0251791e+00
   1.0251556e+00
   1.0253406e+00
   1.0252357e+00
   1.0251378e+00
   1.0251847e+00
   1.0253686e+00
   1.0252723e+00
   1.0251574e+00
   1.0251352e+00
   1.0251776e+00
   1.0252746e+00
   1.0254139e+00
   1.0253008e+00
   1.0252228e+00
   1.0251680e+00
   1.0251435e+00
   1.0251322e+00
   1.0251269e+00
   1.0251259e+00
   1.0251259e+00
