   1.7860318116219271e+00
   1.7836316756322448e+00
   1.7436937072801406e+00
   1.7339479645797709e+00
   1.6716135889358676e+00
   1.6491488103086023e+00
   1.5672636969685523e+00
   1.5261552087588375e+00
   1.4266928729016972e+00
   1.3618391181841094e+00
   1.2457437064098031e+00
   1.1690671850945771e+00
   1.0933024030191449e+00
   1.0870339516400054e+00
   1.0716269403478587e+00
   1.0528882797927837e+00
   1.0397126751040013e+00
   1.0077052729328424e+00
   9.9817990482246655e-01
   9.1956044078316490e-01
